,problem,correct_solution,intermediate_1,intermediate_2
0,((403+257)+(888+362)),1910,660,1250
1,((848+565)+(613+348)),2374,1413,961
2,((469+354)+(560+512)),1895,823,1072
3,((381+380)+(118+501)),1380,761,619
4,((590+470)+(344+414)),1818,1060,758
5,((147+647)+(565+326)),1685,794,891
6,((886+901)+(405+130)),2322,1787,535
7,((330+717)+(159+369)),1575,1047,528
8,((839+624)+(417+173)),2053,1463,590
9,((195+433)+(145+374)),1147,628,519
10,((631+984)+(443+172)),2230,1615,615
11,((365+776)+(647+243)),2031,1141,890
12,((190+247)+(140+800)),1377,437,940
13,((630+895)+(863+944)),3332,1525,1807
14,((701+695)+(200+134)),1730,1396,334
15,((511+556)+(226+866)),2159,1067,1092
16,((202+804)+(481+475)),1962,1006,956
17,((108+161)+(544+901)),1714,269,1445
18,((757+403)+(821+941)),2922,1160,1762
19,((640+843)+(781+351)),2615,1483,1132
20,((477+440)+(182+665)),1764,917,847
21,((173+391)+(553+576)),1693,564,1129
22,((886+695)+(947+481)),3009,1581,1428
23,((942+490)+(234+166)),1832,1432,400
24,((291+116)+(296+953)),1656,407,1249
25,((198+423)+(831+791)),2243,621,1622
26,((746+440)+(837+874)),2897,1186,1711
27,((747+877)+(271+267)),2162,1624,538
28,((605+661)+(847+405)),2518,1266,1252
29,((746+379)+(504+560)),2189,1125,1064
30,((478+204)+(369+963)),2014,682,1332
31,((677+150)+(363+220)),1410,827,583
32,((430+888)+(250+685)),2253,1318,935
33,((974+286)+(597+371)),2228,1260,968
34,((276+313)+(897+805)),2291,589,1702
35,((580+307)+(293+512)),1692,887,805
36,((198+582)+(100+767)),1647,780,867
37,((200+218)+(886+555)),1859,418,1441
38,((392+238)+(415+341)),1386,630,756
39,((156+869)+(426+870)),2321,1025,1296
40,((123+456)+(203+820)),1602,579,1023
41,((895+424)+(995+922)),3236,1319,1917
42,((631+425)+(709+325)),2090,1056,1034
43,((995+965)+(603+736)),3299,1960,1339
44,((754+243)+(252+719)),1968,997,971
45,((562+740)+(185+998)),2485,1302,1183
46,((857+768)+(202+572)),2399,1625,774
47,((873+354)+(180+626)),2033,1227,806
48,((388+987)+(463+329)),2167,1375,792
49,((508+400)+(221+504)),1633,908,725
50,((397+868)+(232+714)),2211,1265,946
51,((497+393)+(684+219)),1793,890,903
52,((550+851)+(317+427)),2145,1401,744
53,((118+543)+(864+690)),2215,661,1554
54,((512+290)+(249+802)),1853,802,1051
55,((707+807)+(443+654)),2611,1514,1097
56,((734+867)+(112+789)),2502,1601,901
57,((746+158)+(570+159)),1633,904,729
58,((234+939)+(471+829)),2473,1173,1300
59,((856+185)+(361+245)),1647,1041,606
60,((472+346)+(960+992)),2770,818,1952
61,((563+807)+(488+420)),2278,1370,908
62,((294+891)+(494+158)),1837,1185,652
63,((754+284)+(457+816)),2311,1038,1273
64,((499+110)+(601+189)),1399,609,790
65,((442+516)+(675+553)),2186,958,1228
66,((568+694)+(634+504)),2400,1262,1138
67,((549+348)+(995+192)),2084,897,1187
68,((487+927)+(893+521)),2828,1414,1414
69,((803+761)+(562+514)),2640,1564,1076
70,((418+546)+(662+157)),1783,964,819
71,((588+221)+(673+867)),2349,809,1540
72,((880+898)+(496+664)),2938,1778,1160
73,((633+186)+(350+964)),2133,819,1314
74,((203+341)+(916+976)),2436,544,1892
75,((960+744)+(218+824)),2746,1704,1042
76,((742+590)+(761+381)),2474,1332,1142
77,((973+162)+(627+507)),2269,1135,1134
78,((480+218)+(269+658)),1625,698,927
79,((730+542)+(327+663)),2262,1272,990
80,((867+821)+(750+804)),3242,1688,1554
81,((793+595)+(359+997)),2744,1388,1356
82,((835+325)+(584+954)),2698,1160,1538
83,((927+536)+(892+159)),2514,1463,1051
84,((657+601)+(166+738)),2162,1258,904
85,((179+738)+(439+327)),1683,917,766
86,((481+622)+(296+522)),1921,1103,818
87,((979+327)+(517+561)),2384,1306,1078
88,((186+610)+(387+351)),1534,796,738
89,((556+560)+(937+175)),2228,1116,1112
90,((139+984)+(442+470)),2035,1123,912
91,((355+917)+(574+518)),2364,1272,1092
92,((569+205)+(712+263)),1749,774,975
93,((367+986)+(744+827)),2924,1353,1571
94,((607+560)+(746+643)),2556,1167,1389
95,((130+407)+(264+940)),1741,537,1204
96,((926+920)+(909+968)),3723,1846,1877
97,((922+521)+(102+604)),2149,1443,706
98,((636+774)+(659+841)),2910,1410,1500
99,((247+707)+(739+731)),2424,954,1470
100,((925+385)+(157+830)),2297,1310,987
101,((306+252)+(905+397)),1860,558,1302
102,((287+484)+(634+698)),2103,771,1332
103,((524+288)+(637+680)),2129,812,1317
104,((433+541)+(254+115)),1343,974,369
105,((137+178)+(135+764)),1214,315,899
106,((766+196)+(509+959)),2430,962,1468
107,((989+586)+(647+676)),2898,1575,1323
108,((169+975)+(592+565)),2301,1144,1157
109,((109+454)+(943+253)),1759,563,1196
110,((935+305)+(308+635)),2183,1240,943
111,((171+855)+(106+222)),1354,1026,328
112,((768+173)+(351+744)),2036,941,1095
113,((261+386)+(695+811)),2153,647,1506
114,((372+120)+(800+258)),1550,492,1058
115,((386+507)+(981+749)),2623,893,1730
116,((127+807)+(977+190)),2101,934,1167
117,((282+801)+(727+579)),2389,1083,1306
118,((454+939)+(154+632)),2179,1393,786
119,((171+744)+(264+740)),1919,915,1004
120,((281+650)+(371+547)),1849,931,918
121,((695+108)+(696+733)),2232,803,1429
122,((872+668)+(546+597)),2683,1540,1143
123,((322+289)+(920+168)),1699,611,1088
124,((309+322)+(716+650)),1997,631,1366
125,((916+782)+(842+892)),3432,1698,1734
126,((138+814)+(828+775)),2555,952,1603
127,((531+900)+(697+241)),2369,1431,938
128,((661+200)+(904+465)),2230,861,1369
129,((957+947)+(911+240)),3055,1904,1151
130,((955+480)+(480+887)),2802,1435,1367
131,((861+165)+(501+256)),1783,1026,757
132,((447+192)+(487+391)),1517,639,878
133,((243+680)+(622+697)),2242,923,1319
134,((132+166)+(988+122)),1408,298,1110
135,((104+945)+(990+209)),2248,1049,1199
136,((936+153)+(299+437)),1825,1089,736
137,((277+878)+(564+402)),2121,1155,966
138,((769+738)+(621+229)),2357,1507,850
139,((773+139)+(346+124)),1382,912,470
140,((712+426)+(592+267)),1997,1138,859
141,((399+961)+(268+997)),2625,1360,1265
142,((543+683)+(272+890)),2388,1226,1162
143,((386+517)+(482+898)),2283,903,1380
144,((140+571)+(515+875)),2101,711,1390
145,((702+558)+(796+202)),2258,1260,998
146,((575+400)+(111+754)),1840,975,865
147,((192+744)+(131+939)),2006,936,1070
148,((686+865)+(237+934)),2722,1551,1171
149,((438+333)+(971+197)),1939,771,1168
150,((459+177)+(512+520)),1668,636,1032
151,((343+923)+(792+809)),2867,1266,1601
152,((783+150)+(380+576)),1889,933,956
153,((942+275)+(632+212)),2061,1217,844
154,((875+608)+(837+911)),3231,1483,1748
155,((586+924)+(187+548)),2245,1510,735
156,((310+920)+(544+151)),1925,1230,695
157,((961+243)+(956+913)),3073,1204,1869
158,((271+157)+(537+122)),1087,428,659
159,((996+890)+(662+566)),3114,1886,1228
160,((532+970)+(646+906)),3054,1502,1552
161,((799+335)+(209+131)),1474,1134,340
162,((576+395)+(204+761)),1936,971,965
163,((426+304)+(508+433)),1671,730,941
164,((227+447)+(403+944)),2021,674,1347
165,((940+794)+(986+174)),2894,1734,1160
166,((832+643)+(819+655)),2949,1475,1474
167,((451+847)+(295+641)),2234,1298,936
168,((399+529)+(423+470)),1821,928,893
169,((468+110)+(698+419)),1695,578,1117
170,((717+441)+(131+539)),1828,1158,670
171,((435+855)+(649+454)),2393,1290,1103
172,((770+978)+(404+984)),3136,1748,1388
173,((603+424)+(431+183)),1641,1027,614
174,((564+718)+(604+384)),2270,1282,988
175,((914+676)+(638+441)),2669,1590,1079
176,((460+737)+(978+155)),2330,1197,1133
177,((613+856)+(626+616)),2711,1469,1242
178,((495+346)+(320+706)),1867,841,1026
179,((950+548)+(202+379)),2079,1498,581
180,((243+613)+(764+814)),2434,856,1578
181,((677+534)+(449+239)),1899,1211,688
182,((352+852)+(360+570)),2134,1204,930
183,((791+984)+(881+483)),3139,1775,1364
184,((322+524)+(898+202)),1946,846,1100
185,((970+886)+(935+472)),3263,1856,1407
186,((923+452)+(298+756)),2429,1375,1054
187,((951+589)+(880+658)),3078,1540,1538
188,((649+524)+(368+846)),2387,1173,1214
189,((515+797)+(518+293)),2123,1312,811
190,((946+142)+(625+385)),2098,1088,1010
191,((883+818)+(431+250)),2382,1701,681
192,((236+844)+(381+841)),2302,1080,1222
193,((271+116)+(142+772)),1301,387,914
194,((691+255)+(510+785)),2241,946,1295
195,((323+507)+(737+355)),1922,830,1092
196,((807+993)+(325+138)),2263,1800,463
197,((695+686)+(214+852)),2447,1381,1066
198,((413+161)+(246+384)),1204,574,630
199,((393+453)+(176+210)),1232,846,386
200,((263+504)+(679+408)),1854,767,1087
201,((104+670)+(858+951)),2583,774,1809
202,((251+150)+(748+135)),1284,401,883
203,((742+235)+(702+574)),2253,977,1276
204,((236+715)+(357+602)),1910,951,959
205,((215+263)+(803+275)),1556,478,1078
206,((266+115)+(258+249)),888,381,507
207,((296+647)+(993+364)),2300,943,1357
208,((123+448)+(611+715)),1897,571,1326
209,((997+604)+(940+633)),3174,1601,1573
210,((330+365)+(510+452)),1657,695,962
211,((109+573)+(837+918)),2437,682,1755
212,((578+788)+(915+193)),2474,1366,1108
213,((768+611)+(680+731)),2790,1379,1411
214,((310+300)+(496+252)),1358,610,748
215,((812+884)+(182+907)),2785,1696,1089
216,((427+612)+(919+368)),2326,1039,1287
217,((822+364)+(857+413)),2456,1186,1270
218,((974+228)+(182+156)),1540,1202,338
219,((651+983)+(792+457)),2883,1634,1249
220,((584+131)+(565+821)),2101,715,1386
221,((345+623)+(980+209)),2157,968,1189
222,((458+771)+(718+524)),2471,1229,1242
223,((228+720)+(611+125)),1684,948,736
224,((270+195)+(218+332)),1015,465,550
225,((108+441)+(192+559)),1300,549,751
226,((109+852)+(101+776)),1838,961,877
227,((549+717)+(204+980)),2450,1266,1184
228,((986+652)+(238+151)),2027,1638,389
229,((608+178)+(142+191)),1119,786,333
230,((479+114)+(338+659)),1590,593,997
231,((470+815)+(642+686)),2613,1285,1328
232,((150+595)+(135+389)),1269,745,524
233,((622+700)+(290+343)),1955,1322,633
234,((886+405)+(317+515)),2123,1291,832
235,((411+118)+(495+787)),1811,529,1282
236,((156+659)+(113+291)),1219,815,404
237,((363+621)+(175+627)),1786,984,802
238,((873+767)+(442+518)),2600,1640,960
239,((519+196)+(854+726)),2295,715,1580
240,((336+586)+(316+547)),1785,922,863
241,((634+922)+(946+245)),2747,1556,1191
242,((450+417)+(649+350)),1866,867,999
243,((795+742)+(529+542)),2608,1537,1071
244,((122+562)+(798+897)),2379,684,1695
245,((899+985)+(146+322)),2352,1884,468
246,((183+494)+(447+308)),1432,677,755
247,((470+241)+(356+969)),2036,711,1325
248,((631+152)+(113+952)),1848,783,1065
249,((929+390)+(466+670)),2455,1319,1136
250,((704+523)+(706+179)),2112,1227,885
251,((550+288)+(652+268)),1758,838,920
252,((591+714)+(557+300)),2162,1305,857
253,((167+124)+(332+554)),1177,291,886
254,((683+956)+(424+773)),2836,1639,1197
255,((167+203)+(640+547)),1557,370,1187
256,((857+678)+(525+498)),2558,1535,1023
257,((536+863)+(629+574)),2602,1399,1203
258,((147+657)+(392+478)),1674,804,870
259,((662+567)+(537+846)),2612,1229,1383
260,((296+959)+(267+650)),2172,1255,917
261,((578+299)+(685+833)),2395,877,1518
262,((683+443)+(608+730)),2464,1126,1338
263,((941+489)+(936+237)),2603,1430,1173
264,((426+367)+(443+649)),1885,793,1092
265,((866+978)+(390+999)),3233,1844,1389
266,((441+613)+(197+169)),1420,1054,366
267,((758+372)+(472+178)),1780,1130,650
268,((566+237)+(107+359)),1269,803,466
269,((854+801)+(756+847)),3258,1655,1603
270,((735+439)+(169+437)),1780,1174,606
271,((747+804)+(839+831)),3221,1551,1670
272,((404+760)+(175+325)),1664,1164,500
273,((149+472)+(699+427)),1747,621,1126
274,((385+970)+(986+989)),3330,1355,1975
275,((713+979)+(162+841)),2695,1692,1003
276,((849+953)+(474+844)),3120,1802,1318
277,((378+121)+(973+847)),2319,499,1820
278,((107+708)+(634+650)),2099,815,1284
279,((273+770)+(537+597)),2177,1043,1134
280,((436+151)+(591+467)),1645,587,1058
281,((704+707)+(139+107)),1657,1411,246
282,((520+963)+(636+975)),3094,1483,1611
283,((522+703)+(944+712)),2881,1225,1656
284,((131+584)+(903+481)),2099,715,1384
285,((678+284)+(573+972)),2507,962,1545
286,((802+102)+(103+262)),1269,904,365
287,((549+607)+(195+476)),1827,1156,671
288,((659+692)+(347+616)),2314,1351,963
289,((331+754)+(604+467)),2156,1085,1071
290,((921+289)+(603+132)),1945,1210,735
291,((774+329)+(606+189)),1898,1103,795
292,((320+401)+(122+320)),1163,721,442
293,((891+580)+(793+449)),2713,1471,1242
294,((510+973)+(167+964)),2614,1483,1131
295,((168+212)+(521+508)),1409,380,1029
296,((275+738)+(896+114)),2023,1013,1010
297,((146+919)+(996+571)),2632,1065,1567
298,((797+378)+(732+509)),2416,1175,1241
299,((121+609)+(544+196)),1470,730,740
300,((221+420)+(256+628)),1525,641,884
301,((780+269)+(372+864)),2285,1049,1236
302,((222+289)+(101+648)),1260,511,749
303,((410+833)+(741+922)),2906,1243,1663
304,((318+460)+(113+153)),1044,778,266
305,((663+345)+(216+769)),1993,1008,985
306,((844+350)+(667+299)),2160,1194,966
307,((697+402)+(777+788)),2664,1099,1565
308,((525+309)+(465+943)),2242,834,1408
309,((165+683)+(994+324)),2166,848,1318
310,((605+575)+(915+561)),2656,1180,1476
311,((287+409)+(298+421)),1415,696,719
312,((249+210)+(914+572)),1945,459,1486
313,((450+512)+(656+550)),2168,962,1206
314,((692+492)+(489+533)),2206,1184,1022
315,((737+487)+(345+944)),2513,1224,1289
316,((516+510)+(298+320)),1644,1026,618
317,((265+826)+(824+639)),2554,1091,1463
318,((672+818)+(478+271)),2239,1490,749
319,((343+604)+(434+633)),2014,947,1067
320,((413+361)+(911+681)),2366,774,1592
321,((665+976)+(661+524)),2826,1641,1185
322,((178+535)+(625+992)),2330,713,1617
323,((569+312)+(172+324)),1377,881,496
324,((674+723)+(223+198)),1818,1397,421
325,((137+813)+(270+507)),1727,950,777
326,((827+105)+(503+172)),1607,932,675
327,((279+166)+(739+167)),1351,445,906
328,((319+733)+(399+533)),1984,1052,932
329,((962+608)+(480+937)),2987,1570,1417
330,((728+594)+(460+798)),2580,1322,1258
331,((673+715)+(210+300)),1898,1388,510
332,((137+205)+(406+745)),1493,342,1151
333,((517+148)+(736+905)),2306,665,1641
334,((241+755)+(189+848)),2033,996,1037
335,((421+258)+(915+956)),2550,679,1871
336,((792+499)+(383+628)),2302,1291,1011
337,((821+621)+(101+300)),1843,1442,401
338,((105+310)+(467+970)),1852,415,1437
339,((123+589)+(115+327)),1154,712,442
340,((736+179)+(651+283)),1849,915,934
341,((815+258)+(847+684)),2604,1073,1531
342,((885+704)+(696+881)),3166,1589,1577
343,((183+757)+(497+438)),1875,940,935
344,((761+469)+(321+893)),2444,1230,1214
345,((880+599)+(922+114)),2515,1479,1036
346,((779+819)+(233+277)),2108,1598,510
347,((508+420)+(713+704)),2345,928,1417
348,((104+610)+(337+749)),1800,714,1086
349,((106+709)+(448+793)),2056,815,1241
350,((334+341)+(911+986)),2572,675,1897
351,((175+668)+(489+792)),2124,843,1281
352,((887+565)+(490+616)),2558,1452,1106
353,((362+581)+(753+319)),2015,943,1072
354,((539+221)+(614+768)),2142,760,1382
355,((779+679)+(812+464)),2734,1458,1276
356,((551+264)+(672+364)),1851,815,1036
357,((404+524)+(777+943)),2648,928,1720
358,((638+192)+(219+512)),1561,830,731
359,((676+982)+(404+713)),2775,1658,1117
360,((568+141)+(527+970)),2206,709,1497
361,((408+555)+(378+430)),1771,963,808
362,((219+860)+(833+450)),2362,1079,1283
363,((678+496)+(749+748)),2671,1174,1497
364,((490+195)+(389+968)),2042,685,1357
365,((970+448)+(448+232)),2098,1418,680
366,((278+779)+(537+833)),2427,1057,1370
367,((102+668)+(140+383)),1293,770,523
368,((919+780)+(913+246)),2858,1699,1159
369,((988+814)+(806+406)),3014,1802,1212
370,((409+926)+(835+462)),2632,1335,1297
371,((706+762)+(613+872)),2953,1468,1485
372,((129+968)+(140+300)),1537,1097,440
373,((331+753)+(486+777)),2347,1084,1263
374,((873+893)+(327+243)),2336,1766,570
375,((705+462)+(997+600)),2764,1167,1597
376,((501+746)+(764+544)),2555,1247,1308
377,((983+309)+(209+547)),2048,1292,756
378,((503+438)+(969+588)),2498,941,1557
379,((216+867)+(766+285)),2134,1083,1051
380,((469+841)+(606+361)),2277,1310,967
381,((345+746)+(784+761)),2636,1091,1545
382,((429+399)+(210+241)),1279,828,451
383,((497+186)+(799+447)),1929,683,1246
384,((439+323)+(499+193)),1454,762,692
385,((601+835)+(863+589)),2888,1436,1452
386,((313+743)+(336+273)),1665,1056,609
387,((702+138)+(221+328)),1389,840,549
388,((700+455)+(583+238)),1976,1155,821
389,((124+385)+(171+956)),1636,509,1127
390,((882+853)+(506+570)),2811,1735,1076
391,((152+366)+(763+990)),2271,518,1753
392,((173+841)+(966+743)),2723,1014,1709
393,((392+282)+(203+729)),1606,674,932
394,((957+614)+(673+805)),3049,1571,1478
395,((444+405)+(801+103)),1753,849,904
396,((920+851)+(250+822)),2843,1771,1072
397,((702+476)+(511+388)),2077,1178,899
398,((162+374)+(127+820)),1483,536,947
399,((962+371)+(311+604)),2248,1333,915
400,((771+626)+(882+615)),2894,1397,1497
401,((684+724)+(356+628)),2392,1408,984
402,((291+400)+(579+204)),1474,691,783
403,((724+183)+(248+954)),2109,907,1202
404,((181+766)+(810+543)),2300,947,1353
405,((894+136)+(164+244)),1438,1030,408
406,((360+833)+(898+200)),2291,1193,1098
407,((920+980)+(969+109)),2978,1900,1078
408,((644+201)+(639+211)),1695,845,850
409,((783+612)+(967+929)),3291,1395,1896
410,((287+673)+(966+854)),2780,960,1820
411,((572+708)+(390+997)),2667,1280,1387
412,((567+975)+(587+213)),2342,1542,800
413,((453+657)+(257+577)),1944,1110,834
414,((455+913)+(246+795)),2409,1368,1041
415,((734+579)+(931+704)),2948,1313,1635
416,((512+341)+(698+702)),2253,853,1400
417,((935+343)+(298+711)),2287,1278,1009
418,((360+590)+(191+890)),2031,950,1081
419,((719+559)+(498+794)),2570,1278,1292
420,((341+969)+(529+888)),2727,1310,1417
421,((253+452)+(460+842)),2007,705,1302
422,((294+353)+(152+283)),1082,647,435
423,((432+274)+(416+830)),1952,706,1246
424,((576+257)+(945+590)),2368,833,1535
425,((247+359)+(358+426)),1390,606,784
426,((860+515)+(551+911)),2837,1375,1462
427,((402+998)+(479+784)),2663,1400,1263
428,((531+594)+(638+734)),2497,1125,1372
429,((845+536)+(273+589)),2243,1381,862
430,((948+856)+(613+213)),2630,1804,826
431,((600+148)+(211+199)),1158,748,410
432,((851+368)+(434+736)),2389,1219,1170
433,((441+761)+(693+259)),2154,1202,952
434,((993+430)+(810+925)),3158,1423,1735
435,((293+389)+(953+381)),2016,682,1334
436,((626+154)+(898+918)),2596,780,1816
437,((325+222)+(883+548)),1978,547,1431
438,((581+323)+(569+731)),2204,904,1300
439,((255+848)+(804+950)),2857,1103,1754
440,((880+555)+(799+175)),2409,1435,974
441,((624+384)+(373+643)),2024,1008,1016
442,((699+491)+(727+468)),2385,1190,1195
443,((506+469)+(631+116)),1722,975,747
444,((982+235)+(474+194)),1885,1217,668
445,((897+596)+(415+325)),2233,1493,740
446,((474+126)+(457+914)),1971,600,1371
447,((347+367)+(398+572)),1684,714,970
448,((795+755)+(999+126)),2675,1550,1125
449,((515+469)+(483+599)),2066,984,1082
450,((342+523)+(663+519)),2047,865,1182
451,((454+977)+(176+327)),1934,1431,503
452,((448+742)+(456+672)),2318,1190,1128
453,((475+268)+(105+685)),1533,743,790
454,((984+597)+(453+451)),2485,1581,904
455,((625+731)+(256+262)),1874,1356,518
456,((443+158)+(168+405)),1174,601,573
457,((586+747)+(687+501)),2521,1333,1188
458,((829+128)+(415+737)),2109,957,1152
459,((974+646)+(657+644)),2921,1620,1301
460,((814+944)+(679+781)),3218,1758,1460
461,((778+752)+(269+521)),2320,1530,790
462,((870+187)+(104+921)),2082,1057,1025
463,((921+144)+(406+295)),1766,1065,701
464,((479+250)+(476+916)),2121,729,1392
465,((694+652)+(384+485)),2215,1346,869
466,((283+593)+(991+554)),2421,876,1545
467,((991+193)+(137+851)),2172,1184,988
468,((858+254)+(817+193)),2122,1112,1010
469,((142+834)+(215+710)),1901,976,925
470,((554+314)+(505+302)),1675,868,807
471,((148+496)+(285+888)),1817,644,1173
472,((701+734)+(777+889)),3101,1435,1666
473,((293+740)+(988+491)),2512,1033,1479
474,((689+751)+(561+276)),2277,1440,837
475,((878+799)+(206+473)),2356,1677,679
476,((970+298)+(718+301)),2287,1268,1019
477,((788+557)+(576+762)),2683,1345,1338
478,((124+746)+(113+944)),1927,870,1057
479,((892+816)+(893+344)),2945,1708,1237
480,((861+563)+(827+229)),2480,1424,1056
481,((687+611)+(721+210)),2229,1298,931
482,((146+143)+(360+273)),922,289,633
483,((393+113)+(266+270)),1042,506,536
484,((389+131)+(345+416)),1281,520,761
485,((715+126)+(131+962)),1934,841,1093
486,((254+718)+(254+657)),1883,972,911
487,((479+286)+(242+276)),1283,765,518
488,((851+977)+(682+386)),2896,1828,1068
489,((821+216)+(620+501)),2158,1037,1121
490,((563+928)+(221+819)),2531,1491,1040
491,((788+900)+(533+569)),2790,1688,1102
492,((899+524)+(609+557)),2589,1423,1166
493,((280+273)+(626+389)),1568,553,1015
494,((597+288)+(219+612)),1716,885,831
495,((760+437)+(177+572)),1946,1197,749
496,((801+869)+(464+692)),2826,1670,1156
497,((386+654)+(872+609)),2521,1040,1481
498,((635+231)+(399+409)),1674,866,808
499,((268+730)+(174+613)),1785,998,787
500,((358+855)+(793+635)),2641,1213,1428
501,((155+608)+(207+642)),1612,763,849
502,((482+883)+(314+733)),2412,1365,1047
503,((220+284)+(604+275)),1383,504,879
504,((866+687)+(836+201)),2590,1553,1037
505,((904+176)+(953+897)),2930,1080,1850
506,((511+366)+(594+829)),2300,877,1423
507,((593+420)+(144+602)),1759,1013,746
508,((757+128)+(486+666)),2037,885,1152
509,((357+433)+(843+876)),2509,790,1719
510,((948+478)+(917+263)),2606,1426,1180
511,((437+965)+(181+133)),1716,1402,314
512,((666+341)+(941+162)),2110,1007,1103
513,((255+353)+(187+801)),1596,608,988
514,((754+773)+(653+217)),2397,1527,870
515,((520+552)+(931+369)),2372,1072,1300
516,((126+848)+(736+398)),2108,974,1134
517,((504+225)+(120+308)),1157,729,428
518,((691+960)+(621+363)),2635,1651,984
519,((806+461)+(123+156)),1546,1267,279
520,((730+784)+(525+694)),2733,1514,1219
521,((265+222)+(791+199)),1477,487,990
522,((720+457)+(357+114)),1648,1177,471
523,((534+660)+(673+314)),2181,1194,987
524,((352+820)+(212+145)),1529,1172,357
525,((737+620)+(765+681)),2803,1357,1446
526,((848+759)+(297+131)),2035,1607,428
527,((826+420)+(119+504)),1869,1246,623
528,((469+121)+(631+936)),2157,590,1567
529,((518+160)+(534+473)),1685,678,1007
530,((165+214)+(490+281)),1150,379,771
531,((514+719)+(652+437)),2322,1233,1089
532,((409+689)+(669+959)),2726,1098,1628
533,((735+570)+(829+838)),2972,1305,1667
534,((816+219)+(497+866)),2398,1035,1363
535,((237+701)+(932+628)),2498,938,1560
536,((530+929)+(869+461)),2789,1459,1330
537,((809+913)+(102+558)),2382,1722,660
538,((622+325)+(135+664)),1746,947,799
539,((557+212)+(513+274)),1556,769,787
540,((353+580)+(436+140)),1509,933,576
541,((384+333)+(436+761)),1914,717,1197
542,((670+947)+(295+222)),2134,1617,517
543,((793+658)+(199+850)),2500,1451,1049
544,((419+167)+(329+148)),1063,586,477
545,((977+962)+(283+669)),2891,1939,952
546,((926+836)+(682+349)),2793,1762,1031
547,((573+294)+(473+220)),1560,867,693
548,((307+942)+(193+102)),1544,1249,295
549,((371+225)+(374+201)),1171,596,575
550,((457+929)+(119+168)),1673,1386,287
551,((212+917)+(546+890)),2565,1129,1436
552,((803+316)+(492+773)),2384,1119,1265
553,((963+439)+(301+516)),2219,1402,817
554,((437+569)+(205+392)),1603,1006,597
555,((320+672)+(999+458)),2449,992,1457
556,((196+575)+(321+683)),1775,771,1004
557,((814+724)+(674+734)),2946,1538,1408
558,((581+946)+(614+324)),2465,1527,938
559,((938+868)+(452+270)),2528,1806,722
560,((836+496)+(613+280)),2225,1332,893
561,((755+541)+(892+751)),2939,1296,1643
562,((281+137)+(708+981)),2107,418,1689
563,((711+292)+(706+131)),1840,1003,837
564,((389+796)+(540+375)),2100,1185,915
565,((949+529)+(280+740)),2498,1478,1020
566,((666+613)+(761+961)),3001,1279,1722
567,((402+291)+(693+972)),2358,693,1665
568,((169+992)+(739+993)),2893,1161,1732
569,((118+314)+(587+892)),1911,432,1479
570,((107+564)+(388+734)),1793,671,1122
571,((610+857)+(157+341)),1965,1467,498
572,((757+834)+(603+410)),2604,1591,1013
573,((270+149)+(866+623)),1908,419,1489
574,((765+419)+(867+426)),2477,1184,1293
575,((491+226)+(120+468)),1305,717,588
576,((641+168)+(464+788)),2061,809,1252
577,((287+263)+(118+394)),1062,550,512
578,((101+697)+(639+691)),2128,798,1330
579,((626+908)+(878+649)),3061,1534,1527
580,((691+207)+(860+757)),2515,898,1617
581,((862+668)+(579+955)),3064,1530,1534
582,((407+420)+(965+286)),2078,827,1251
583,((336+545)+(396+782)),2059,881,1178
584,((188+710)+(330+201)),1429,898,531
585,((174+790)+(265+170)),1399,964,435
586,((323+509)+(305+873)),2010,832,1178
587,((833+470)+(599+631)),2533,1303,1230
588,((756+326)+(216+932)),2230,1082,1148
589,((627+710)+(557+557)),2451,1337,1114
590,((485+876)+(509+153)),2023,1361,662
591,((881+327)+(274+656)),2138,1208,930
592,((993+301)+(510+718)),2522,1294,1228
593,((507+501)+(433+617)),2058,1008,1050
594,((217+891)+(730+653)),2491,1108,1383
595,((746+506)+(494+163)),1909,1252,657
596,((365+696)+(190+301)),1552,1061,491
597,((326+770)+(175+437)),1708,1096,612
598,((646+881)+(828+133)),2488,1527,961
599,((815+823)+(737+771)),3146,1638,1508
600,((196+551)+(467+202)),1416,747,669
601,((497+415)+(404+949)),2265,912,1353
602,((944+506)+(956+101)),2507,1450,1057
603,((254+768)+(557+452)),2031,1022,1009
604,((683+632)+(786+641)),2742,1315,1427
605,((881+813)+(264+381)),2339,1694,645
606,((689+315)+(625+547)),2176,1004,1172
607,((582+767)+(443+899)),2691,1349,1342
608,((736+834)+(279+645)),2494,1570,924
609,((169+421)+(337+403)),1330,590,740
610,((354+289)+(640+383)),1666,643,1023
611,((864+729)+(103+587)),2283,1593,690
612,((279+103)+(986+222)),1590,382,1208
613,((479+596)+(156+463)),1694,1075,619
614,((606+890)+(168+192)),1856,1496,360
615,((297+246)+(654+420)),1617,543,1074
616,((550+669)+(844+170)),2233,1219,1014
617,((551+165)+(456+975)),2147,716,1431
618,((493+677)+(307+781)),2258,1170,1088
619,((451+352)+(553+907)),2263,803,1460
620,((644+866)+(408+646)),2564,1510,1054
621,((463+668)+(588+667)),2386,1131,1255
622,((728+902)+(866+247)),2743,1630,1113
623,((106+592)+(688+207)),1593,698,895
624,((504+378)+(947+589)),2418,882,1536
625,((871+785)+(659+655)),2970,1656,1314
626,((633+320)+(202+419)),1574,953,621
627,((980+275)+(870+985)),3110,1255,1855
628,((875+262)+(700+989)),2826,1137,1689
629,((877+347)+(817+506)),2547,1224,1323
630,((977+785)+(402+816)),2980,1762,1218
631,((876+967)+(685+895)),3423,1843,1580
632,((472+231)+(649+743)),2095,703,1392
633,((469+851)+(943+545)),2808,1320,1488
634,((646+712)+(964+194)),2516,1358,1158
635,((118+437)+(971+744)),2270,555,1715
636,((462+292)+(883+935)),2572,754,1818
637,((731+346)+(259+143)),1479,1077,402
638,((281+343)+(837+876)),2337,624,1713
639,((399+400)+(600+871)),2270,799,1471
640,((842+324)+(148+270)),1584,1166,418
641,((873+748)+(186+230)),2037,1621,416
642,((619+805)+(933+661)),3018,1424,1594
643,((810+887)+(894+185)),2776,1697,1079
644,((329+464)+(674+665)),2132,793,1339
645,((844+887)+(239+606)),2576,1731,845
646,((297+424)+(834+570)),2125,721,1404
647,((506+322)+(927+314)),2069,828,1241
648,((357+592)+(859+668)),2476,949,1527
649,((555+344)+(713+726)),2338,899,1439
650,((666+925)+(618+453)),2662,1591,1071
651,((618+163)+(117+874)),1772,781,991
652,((853+213)+(234+821)),2121,1066,1055
653,((280+302)+(764+345)),1691,582,1109
654,((210+194)+(184+152)),740,404,336
655,((821+480)+(947+472)),2720,1301,1419
656,((986+428)+(471+320)),2205,1414,791
657,((797+768)+(263+614)),2442,1565,877
658,((270+543)+(177+904)),1894,813,1081
659,((609+683)+(214+817)),2323,1292,1031
660,((432+181)+(143+928)),1684,613,1071
661,((274+603)+(467+767)),2111,877,1234
662,((397+885)+(661+826)),2769,1282,1487
663,((881+542)+(314+346)),2083,1423,660
664,((749+279)+(422+259)),1709,1028,681
665,((614+591)+(248+278)),1731,1205,526
666,((800+161)+(644+234)),1839,961,878
667,((535+984)+(726+323)),2568,1519,1049
668,((383+164)+(184+705)),1436,547,889
669,((567+438)+(927+865)),2797,1005,1792
670,((943+919)+(167+127)),2156,1862,294
671,((330+905)+(876+737)),2848,1235,1613
672,((104+961)+(255+240)),1560,1065,495
673,((377+157)+(457+318)),1309,534,775
674,((109+843)+(998+783)),2733,952,1781
675,((513+176)+(508+690)),1887,689,1198
676,((888+860)+(135+464)),2347,1748,599
677,((727+385)+(278+740)),2130,1112,1018
678,((472+189)+(469+878)),2008,661,1347
679,((829+773)+(649+558)),2809,1602,1207
680,((354+626)+(627+901)),2508,980,1528
681,((825+682)+(824+675)),3006,1507,1499
682,((671+610)+(192+823)),2296,1281,1015
683,((811+110)+(437+684)),2042,921,1121
684,((517+501)+(517+157)),1692,1018,674
685,((770+649)+(565+315)),2299,1419,880
686,((748+574)+(357+280)),1959,1322,637
687,((188+361)+(368+217)),1134,549,585
688,((206+325)+(949+632)),2112,531,1581
689,((575+472)+(488+790)),2325,1047,1278
690,((111+556)+(438+292)),1397,667,730
691,((353+622)+(771+224)),1970,975,995
692,((699+906)+(277+779)),2661,1605,1056
693,((264+733)+(759+667)),2423,997,1426
694,((139+281)+(363+529)),1312,420,892
695,((369+164)+(962+375)),1870,533,1337
696,((563+461)+(194+298)),1516,1024,492
697,((250+981)+(914+280)),2425,1231,1194
698,((339+481)+(167+422)),1409,820,589
699,((404+322)+(706+419)),1851,726,1125
700,((308+204)+(761+522)),1795,512,1283
701,((381+915)+(491+620)),2407,1296,1111
702,((726+315)+(648+975)),2664,1041,1623
703,((646+359)+(706+743)),2454,1005,1449
704,((158+878)+(101+554)),1691,1036,655
705,((226+780)+(882+691)),2579,1006,1573
706,((977+468)+(713+638)),2796,1445,1351
707,((278+819)+(934+745)),2776,1097,1679
708,((809+770)+(910+847)),3336,1579,1757
709,((119+636)+(988+179)),1922,755,1167
710,((201+218)+(158+258)),835,419,416
711,((609+681)+(457+456)),2203,1290,913
712,((660+665)+(515+891)),2731,1325,1406
713,((772+372)+(861+510)),2515,1144,1371
714,((700+402)+(306+894)),2302,1102,1200
715,((613+326)+(873+628)),2440,939,1501
716,((101+240)+(794+926)),2061,341,1720
717,((948+898)+(264+554)),2664,1846,818
718,((979+909)+(509+473)),2870,1888,982
719,((519+245)+(369+690)),1823,764,1059
720,((556+813)+(553+458)),2380,1369,1011
721,((972+701)+(230+257)),2160,1673,487
722,((413+611)+(329+343)),1696,1024,672
723,((484+882)+(720+208)),2294,1366,928
724,((414+342)+(318+234)),1308,756,552
725,((860+730)+(761+950)),3301,1590,1711
726,((508+260)+(619+960)),2347,768,1579
727,((369+878)+(924+676)),2847,1247,1600
728,((728+175)+(691+111)),1705,903,802
729,((489+197)+(381+388)),1455,686,769
730,((843+934)+(380+500)),2657,1777,880
731,((320+697)+(332+921)),2270,1017,1253
732,((256+792)+(654+778)),2480,1048,1432
733,((468+379)+(809+708)),2364,847,1517
734,((504+531)+(115+625)),1775,1035,740
735,((754+242)+(757+224)),1977,996,981
736,((535+346)+(455+124)),1460,881,579
737,((287+294)+(149+609)),1339,581,758
738,((691+156)+(707+190)),1744,847,897
739,((933+752)+(755+600)),3040,1685,1355
740,((378+293)+(359+356)),1386,671,715
741,((939+147)+(615+649)),2350,1086,1264
742,((340+293)+(942+503)),2078,633,1445
743,((477+123)+(208+626)),1434,600,834
744,((305+926)+(678+229)),2138,1231,907
745,((579+371)+(521+351)),1822,950,872
746,((199+393)+(951+447)),1990,592,1398
747,((540+854)+(630+666)),2690,1394,1296
748,((271+459)+(366+671)),1767,730,1037
749,((993+132)+(894+816)),2835,1125,1710
750,((218+563)+(701+609)),2091,781,1310
751,((631+196)+(714+681)),2222,827,1395
752,((917+156)+(114+616)),1803,1073,730
753,((674+784)+(395+847)),2700,1458,1242
754,((428+572)+(246+713)),1959,1000,959
755,((267+881)+(925+841)),2914,1148,1766
756,((232+964)+(224+916)),2336,1196,1140
757,((238+932)+(844+427)),2441,1170,1271
758,((582+383)+(143+738)),1846,965,881
759,((308+544)+(568+842)),2262,852,1410
760,((292+995)+(508+729)),2524,1287,1237
761,((808+943)+(749+583)),3083,1751,1332
762,((695+831)+(713+815)),3054,1526,1528
763,((747+781)+(712+414)),2654,1528,1126
764,((190+557)+(213+813)),1773,747,1026
765,((866+417)+(875+199)),2357,1283,1074
766,((966+381)+(125+537)),2009,1347,662
767,((587+331)+(250+485)),1653,918,735
768,((567+990)+(773+154)),2484,1557,927
769,((934+499)+(547+627)),2607,1433,1174
770,((350+662)+(895+781)),2688,1012,1676
771,((289+581)+(628+944)),2442,870,1572
772,((749+133)+(891+189)),1962,882,1080
773,((747+975)+(459+790)),2971,1722,1249
774,((654+225)+(277+345)),1501,879,622
775,((784+369)+(284+959)),2396,1153,1243
776,((903+140)+(151+657)),1851,1043,808
777,((628+194)+(225+313)),1360,822,538
778,((321+583)+(333+998)),2235,904,1331
779,((483+349)+(127+613)),1572,832,740
780,((423+543)+(678+457)),2101,966,1135
781,((239+549)+(232+244)),1264,788,476
782,((671+780)+(287+826)),2564,1451,1113
783,((889+945)+(761+180)),2775,1834,941
784,((403+811)+(134+186)),1534,1214,320
785,((113+522)+(944+913)),2492,635,1857
786,((611+764)+(682+364)),2421,1375,1046
787,((143+354)+(145+489)),1131,497,634
788,((459+129)+(183+555)),1326,588,738
789,((444+655)+(291+429)),1819,1099,720
790,((349+175)+(724+283)),1531,524,1007
791,((544+436)+(394+901)),2275,980,1295
792,((269+349)+(584+618)),1820,618,1202
793,((551+784)+(628+794)),2757,1335,1422
794,((908+365)+(348+433)),2054,1273,781
795,((921+116)+(816+870)),2723,1037,1686
796,((349+494)+(664+700)),2207,843,1364
797,((931+627)+(638+953)),3149,1558,1591
798,((162+443)+(766+837)),2208,605,1603
799,((299+175)+(188+640)),1302,474,828
800,((454+584)+(339+221)),1598,1038,560
801,((237+874)+(878+139)),2128,1111,1017
802,((397+121)+(325+186)),1029,518,511
803,((866+772)+(668+490)),2796,1638,1158
804,((719+674)+(432+892)),2717,1393,1324
805,((101+596)+(156+219)),1072,697,375
806,((222+796)+(848+449)),2315,1018,1297
807,((511+218)+(804+563)),2096,729,1367
808,((707+208)+(914+167)),1996,915,1081
809,((109+334)+(953+306)),1702,443,1259
810,((801+378)+(521+385)),2085,1179,906
811,((327+445)+(783+769)),2324,772,1552
812,((826+300)+(218+827)),2171,1126,1045
813,((210+270)+(399+426)),1305,480,825
814,((587+779)+(182+568)),2116,1366,750
815,((543+417)+(466+319)),1745,960,785
816,((701+926)+(992+815)),3434,1627,1807
817,((959+717)+(664+481)),2821,1676,1145
818,((287+843)+(776+804)),2710,1130,1580
819,((720+727)+(322+329)),2098,1447,651
820,((245+234)+(927+365)),1771,479,1292
821,((668+451)+(776+386)),2281,1119,1162
822,((922+153)+(476+390)),1941,1075,866
823,((337+313)+(689+247)),1586,650,936
824,((623+166)+(900+225)),1914,789,1125
825,((129+461)+(944+715)),2249,590,1659
826,((169+121)+(527+886)),1703,290,1413
827,((393+705)+(897+766)),2761,1098,1663
828,((882+770)+(929+704)),3285,1652,1633
829,((198+395)+(642+763)),1998,593,1405
830,((104+575)+(251+862)),1792,679,1113
831,((191+540)+(462+726)),1919,731,1188
832,((938+443)+(355+648)),2384,1381,1003
833,((298+394)+(180+151)),1023,692,331
834,((130+182)+(837+357)),1506,312,1194
835,((374+470)+(638+332)),1814,844,970
836,((959+125)+(245+527)),1856,1084,772
837,((986+566)+(477+784)),2813,1552,1261
838,((545+873)+(645+654)),2717,1418,1299
839,((540+771)+(907+313)),2531,1311,1220
840,((624+357)+(136+338)),1455,981,474
841,((923+402)+(613+501)),2439,1325,1114
842,((816+886)+(613+757)),3072,1702,1370
843,((542+412)+(630+703)),2287,954,1333
844,((534+621)+(696+337)),2188,1155,1033
845,((163+588)+(449+586)),1786,751,1035
846,((993+152)+(227+636)),2008,1145,863
847,((178+122)+(670+739)),1709,300,1409
848,((778+959)+(836+631)),3204,1737,1467
849,((193+115)+(406+326)),1040,308,732
850,((816+569)+(742+171)),2298,1385,913
851,((563+575)+(848+841)),2827,1138,1689
852,((275+482)+(733+917)),2407,757,1650
853,((168+792)+(254+242)),1456,960,496
854,((729+172)+(919+424)),2244,901,1343
855,((288+198)+(296+960)),1742,486,1256
856,((923+614)+(335+953)),2825,1537,1288
857,((503+331)+(266+368)),1468,834,634
858,((147+488)+(158+953)),1746,635,1111
859,((215+216)+(417+913)),1761,431,1330
860,((534+981)+(441+917)),2873,1515,1358
861,((230+556)+(662+613)),2061,786,1275
862,((281+908)+(619+833)),2641,1189,1452
863,((908+870)+(445+204)),2427,1778,649
864,((437+497)+(268+141)),1343,934,409
865,((261+479)+(922+983)),2645,740,1905
866,((639+348)+(977+350)),2314,987,1327
867,((210+553)+(465+780)),2008,763,1245
868,((735+724)+(625+123)),2207,1459,748
869,((351+524)+(165+376)),1416,875,541
870,((631+339)+(236+575)),1781,970,811
871,((173+130)+(428+432)),1163,303,860
872,((243+803)+(670+667)),2383,1046,1337
873,((862+723)+(113+800)),2498,1585,913
874,((920+307)+(871+139)),2237,1227,1010
875,((908+209)+(564+580)),2261,1117,1144
876,((846+422)+(717+984)),2969,1268,1701
877,((143+458)+(543+623)),1767,601,1166
878,((137+378)+(223+407)),1145,515,630
879,((171+815)+(751+739)),2476,986,1490
880,((756+812)+(477+382)),2427,1568,859
881,((451+341)+(877+439)),2108,792,1316
882,((298+657)+(218+894)),2067,955,1112
883,((843+950)+(718+550)),3061,1793,1268
884,((376+334)+(584+983)),2277,710,1567
885,((728+845)+(782+561)),2916,1573,1343
886,((201+912)+(406+249)),1768,1113,655
887,((163+101)+(397+925)),1586,264,1322
888,((937+452)+(205+973)),2567,1389,1178
889,((197+856)+(732+745)),2530,1053,1477
890,((244+940)+(291+256)),1731,1184,547
891,((214+885)+(951+440)),2490,1099,1391
892,((453+572)+(373+734)),2132,1025,1107
893,((498+351)+(295+494)),1638,849,789
894,((646+167)+(713+586)),2112,813,1299
895,((346+879)+(695+633)),2553,1225,1328
896,((264+246)+(267+819)),1596,510,1086
897,((573+185)+(841+842)),2441,758,1683
898,((591+104)+(317+133)),1145,695,450
899,((542+881)+(799+270)),2492,1423,1069
900,((859+831)+(640+168)),2498,1690,808
901,((614+114)+(225+411)),1364,728,636
902,((861+276)+(504+329)),1970,1137,833
903,((277+466)+(963+574)),2280,743,1537
904,((796+430)+(910+666)),2802,1226,1576
905,((394+200)+(360+811)),1765,594,1171
906,((213+644)+(495+136)),1488,857,631
907,((458+991)+(105+824)),2378,1449,929
908,((402+640)+(910+451)),2403,1042,1361
909,((842+601)+(400+727)),2570,1443,1127
910,((362+773)+(497+497)),2129,1135,994
911,((452+594)+(912+234)),2192,1046,1146
912,((403+801)+(931+327)),2462,1204,1258
913,((740+114)+(607+142)),1603,854,749
914,((818+839)+(328+930)),2915,1657,1258
915,((236+630)+(577+680)),2123,866,1257
916,((959+424)+(495+483)),2361,1383,978
917,((229+922)+(595+311)),2057,1151,906
918,((963+783)+(456+749)),2951,1746,1205
919,((954+393)+(178+739)),2264,1347,917
920,((499+963)+(589+913)),2964,1462,1502
921,((399+581)+(748+544)),2272,980,1292
922,((899+118)+(302+915)),2234,1017,1217
923,((825+887)+(423+595)),2730,1712,1018
924,((848+725)+(399+925)),2897,1573,1324
925,((705+117)+(931+803)),2556,822,1734
926,((696+118)+(681+738)),2233,814,1419
927,((144+296)+(430+744)),1614,440,1174
928,((514+805)+(235+407)),1961,1319,642
929,((823+958)+(543+187)),2511,1781,730
930,((799+378)+(386+666)),2229,1177,1052
931,((407+465)+(528+499)),1899,872,1027
932,((120+672)+(562+947)),2301,792,1509
933,((105+628)+(272+627)),1632,733,899
934,((977+175)+(150+804)),2106,1152,954
935,((636+472)+(311+413)),1832,1108,724
936,((212+390)+(724+961)),2287,602,1685
937,((432+547)+(362+449)),1790,979,811
938,((424+538)+(120+702)),1784,962,822
939,((182+425)+(159+106)),872,607,265
940,((680+921)+(203+945)),2749,1601,1148
941,((768+590)+(716+112)),2186,1358,828
942,((429+709)+(157+623)),1918,1138,780
943,((307+774)+(713+135)),1929,1081,848
944,((295+288)+(958+663)),2204,583,1621
945,((937+692)+(359+380)),2368,1629,739
946,((204+581)+(251+899)),1935,785,1150
947,((408+464)+(799+804)),2475,872,1603
948,((780+242)+(530+925)),2477,1022,1455
949,((345+606)+(979+590)),2520,951,1569
950,((243+812)+(680+983)),2718,1055,1663
951,((378+269)+(115+547)),1309,647,662
952,((243+835)+(846+689)),2613,1078,1535
953,((843+565)+(391+965)),2764,1408,1356
954,((303+392)+(726+748)),2169,695,1474
955,((321+918)+(733+148)),2120,1239,881
956,((193+171)+(409+548)),1321,364,957
957,((442+955)+(815+995)),3207,1397,1810
958,((933+470)+(100+267)),1770,1403,367
959,((798+601)+(789+281)),2469,1399,1070
960,((645+224)+(535+946)),2350,869,1481
961,((290+187)+(217+534)),1228,477,751
962,((372+471)+(140+582)),1565,843,722
963,((367+691)+(570+113)),1741,1058,683
964,((153+278)+(691+574)),1696,431,1265
965,((851+808)+(440+510)),2609,1659,950
966,((398+539)+(312+406)),1655,937,718
967,((123+205)+(347+882)),1557,328,1229
968,((346+375)+(223+654)),1598,721,877
969,((552+678)+(342+352)),1924,1230,694
970,((288+741)+(648+538)),2215,1029,1186
971,((302+125)+(434+230)),1091,427,664
972,((416+657)+(663+897)),2633,1073,1560
973,((596+844)+(258+995)),2693,1440,1253
974,((783+257)+(459+519)),2018,1040,978
975,((609+698)+(959+889)),3155,1307,1848
976,((530+490)+(176+671)),1867,1020,847
977,((114+869)+(704+837)),2524,983,1541
978,((864+495)+(242+399)),2000,1359,641
979,((615+988)+(790+394)),2787,1603,1184
980,((254+261)+(113+329)),957,515,442
981,((353+330)+(618+912)),2213,683,1530
982,((363+323)+(445+599)),1730,686,1044
983,((955+612)+(533+476)),2576,1567,1009
984,((588+426)+(655+583)),2252,1014,1238
985,((980+292)+(365+845)),2482,1272,1210
986,((872+164)+(155+978)),2169,1036,1133
987,((747+719)+(334+843)),2643,1466,1177
988,((391+107)+(354+756)),1608,498,1110
989,((364+400)+(721+896)),2381,764,1617
990,((313+676)+(123+300)),1412,989,423
991,((716+250)+(566+365)),1897,966,931
992,((855+521)+(854+250)),2480,1376,1104
993,((432+702)+(198+430)),1762,1134,628
994,((195+345)+(360+466)),1366,540,826
995,((895+486)+(643+496)),2520,1381,1139
996,((938+432)+(263+300)),1933,1370,563
997,((784+443)+(103+697)),2027,1227,800
998,((529+914)+(509+167)),2119,1443,676
999,((786+694)+(791+624)),2895,1480,1415
