,problem,correct_solution,intermediate_1,intermediate_2
0,((30+69)+(17+55)),171,99,72
1,((34+30)+(12+68)),144,64,80
2,((49+68)+(24+65)),206,117,89
3,((92+91)+(67+58)),308,183,125
4,((52+52)+(62+77)),243,104,139
5,((19+68)+(58+79)),224,87,137
6,((95+21)+(63+48)),227,116,111
7,((43+33)+(75+66)),217,76,141
8,((85+25)+(99+33)),242,110,132
9,((12+66)+(46+73)),197,78,119
10,((27+78)+(79+35)),219,105,114
11,((25+74)+(51+90)),240,99,141
12,((71+63)+(79+85)),298,134,164
13,((46+72)+(49+28)),195,118,77
14,((34+85)+(43+58)),220,119,101
15,((81+70)+(19+73)),243,151,92
16,((75+24)+(57+77)),233,99,134
17,((81+28)+(63+50)),222,109,113
18,((19+61)+(74+72)),226,80,146
19,((34+77)+(42+76)),229,111,118
20,((60+89)+(27+74)),250,149,101
21,((96+42)+(26+56)),220,138,82
22,((62+80)+(37+58)),237,142,95
23,((45+32)+(62+34)),173,77,96
24,((64+34)+(82+19)),199,98,101
25,((57+37)+(61+97)),252,94,158
26,((39+56)+(16+75)),186,95,91
27,((63+32)+(46+78)),219,95,124
28,((37+32)+(27+86)),182,69,113
29,((12+22)+(67+11)),112,34,78
30,((84+61)+(58+13)),216,145,71
31,((46+11)+(67+20)),144,57,87
32,((21+67)+(17+47)),152,88,64
33,((35+35)+(81+11)),162,70,92
34,((15+38)+(43+41)),137,53,84
35,((68+65)+(59+50)),242,133,109
36,((91+88)+(83+49)),311,179,132
37,((40+72)+(84+38)),234,112,122
38,((10+94)+(36+24)),164,104,60
39,((48+29)+(32+19)),128,77,51
40,((13+88)+(91+75)),267,101,166
41,((75+48)+(77+18)),218,123,95
42,((34+28)+(18+86)),166,62,104
43,((80+39)+(98+97)),314,119,195
44,((88+26)+(15+25)),154,114,40
45,((27+33)+(79+93)),232,60,172
46,((49+88)+(78+81)),296,137,159
47,((99+24)+(76+25)),224,123,101
48,((48+84)+(41+16)),189,132,57
49,((76+99)+(74+53)),302,175,127
50,((84+70)+(33+59)),246,154,92
51,((37+93)+(16+66)),212,130,82
52,((86+92)+(68+25)),271,178,93
53,((75+20)+(57+54)),206,95,111
54,((40+68)+(55+38)),201,108,93
55,((70+76)+(60+90)),296,146,150
56,((73+82)+(64+62)),281,155,126
57,((34+91)+(65+49)),239,125,114
58,((95+75)+(90+31)),291,170,121
59,((12+54)+(60+20)),146,66,80
60,((50+68)+(88+51)),257,118,139
61,((27+60)+(59+33)),179,87,92
62,((21+39)+(44+27)),131,60,71
63,((69+48)+(57+35)),209,117,92
64,((58+18)+(82+78)),236,76,160
65,((58+47)+(82+37)),224,105,119
66,((27+40)+(45+57)),169,67,102
67,((23+26)+(14+31)),94,49,45
68,((18+65)+(22+95)),200,83,117
69,((48+81)+(13+71)),213,129,84
70,((38+37)+(53+99)),227,75,152
71,((97+41)+(42+78)),258,138,120
72,((93+67)+(60+86)),306,160,146
73,((52+15)+(27+25)),119,67,52
74,((39+76)+(44+93)),252,115,137
75,((13+65)+(86+53)),217,78,139
76,((45+25)+(79+14)),163,70,93
77,((71+98)+(26+61)),256,169,87
78,((56+62)+(17+33)),168,118,50
79,((42+87)+(93+67)),289,129,160
80,((65+33)+(32+32)),162,98,64
81,((10+98)+(85+47)),240,108,132
82,((28+38)+(13+64)),143,66,77
83,((97+86)+(77+43)),303,183,120
84,((60+74)+(44+36)),214,134,80
85,((87+32)+(19+87)),225,119,106
86,((28+12)+(28+93)),161,40,121
87,((60+37)+(51+81)),229,97,132
88,((99+92)+(67+43)),301,191,110
89,((92+34)+(15+14)),155,126,29
90,((89+76)+(97+42)),304,165,139
91,((45+13)+(45+47)),150,58,92
92,((63+23)+(19+70)),175,86,89
93,((46+85)+(19+92)),242,131,111
94,((38+98)+(62+79)),277,136,141
95,((82+68)+(65+59)),274,150,124
96,((55+80)+(53+39)),227,135,92
97,((48+47)+(37+87)),219,95,124
98,((38+35)+(98+13)),184,73,111
99,((95+24)+(11+36)),166,119,47
100,((58+80)+(16+86)),240,138,102
101,((73+65)+(54+45)),237,138,99
102,((48+68)+(78+99)),293,116,177
103,((38+91)+(85+21)),235,129,106
104,((98+38)+(77+84)),297,136,161
105,((51+93)+(39+14)),197,144,53
106,((86+96)+(31+84)),297,182,115
107,((72+95)+(93+87)),347,167,180
108,((64+63)+(53+88)),268,127,141
109,((29+62)+(61+68)),220,91,129
110,((81+72)+(69+88)),310,153,157
111,((39+14)+(74+73)),200,53,147
112,((74+85)+(37+34)),230,159,71
113,((65+96)+(10+89)),260,161,99
114,((92+51)+(50+47)),240,143,97
115,((74+43)+(96+26)),239,117,122
116,((64+74)+(36+77)),251,138,113
117,((80+12)+(73+58)),223,92,131
118,((60+88)+(87+11)),246,148,98
119,((65+91)+(73+10)),239,156,83
120,((32+34)+(54+28)),148,66,82
121,((54+17)+(30+66)),167,71,96
122,((89+14)+(32+34)),169,103,66
123,((17+49)+(33+91)),190,66,124
124,((29+61)+(91+60)),241,90,151
125,((33+79)+(91+35)),238,112,126
126,((83+14)+(86+92)),275,97,178
127,((43+71)+(98+48)),260,114,146
128,((79+64)+(97+74)),314,143,171
129,((33+41)+(75+71)),220,74,146
130,((56+11)+(80+57)),204,67,137
131,((29+50)+(95+24)),198,79,119
132,((17+29)+(84+86)),216,46,170
133,((24+85)+(23+65)),197,109,88
134,((44+33)+(17+72)),166,77,89
135,((69+45)+(88+58)),260,114,146
136,((51+46)+(42+70)),209,97,112
137,((99+75)+(88+30)),292,174,118
138,((25+76)+(22+26)),149,101,48
139,((72+51)+(17+57)),197,123,74
140,((83+85)+(89+71)),328,168,160
141,((26+86)+(29+32)),173,112,61
142,((49+35)+(17+67)),168,84,84
143,((65+37)+(19+62)),183,102,81
144,((30+72)+(18+23)),143,102,41
145,((90+88)+(31+87)),296,178,118
146,((10+47)+(64+25)),146,57,89
147,((21+60)+(54+37)),172,81,91
148,((79+69)+(69+67)),284,148,136
149,((75+90)+(17+27)),209,165,44
150,((10+34)+(76+16)),136,44,92
151,((83+29)+(51+40)),203,112,91
152,((20+78)+(82+56)),236,98,138
153,((56+46)+(37+97)),236,102,134
154,((51+35)+(46+14)),146,86,60
155,((72+26)+(26+53)),177,98,79
156,((72+20)+(23+56)),171,92,79
157,((56+92)+(14+90)),252,148,104
158,((66+29)+(72+92)),259,95,164
159,((84+87)+(46+11)),228,171,57
160,((61+92)+(38+65)),256,153,103
161,((80+72)+(10+61)),223,152,71
162,((30+34)+(80+23)),167,64,103
163,((35+12)+(15+76)),138,47,91
164,((20+43)+(74+79)),216,63,153
165,((45+18)+(86+14)),163,63,100
166,((46+68)+(56+53)),223,114,109
167,((23+11)+(33+28)),95,34,61
168,((55+94)+(70+66)),285,149,136
169,((39+42)+(50+11)),142,81,61
170,((53+81)+(26+49)),209,134,75
171,((10+62)+(57+63)),192,72,120
172,((49+14)+(83+45)),191,63,128
173,((60+54)+(57+42)),213,114,99
174,((47+48)+(20+67)),182,95,87
175,((95+23)+(93+48)),259,118,141
176,((16+19)+(48+89)),172,35,137
177,((95+52)+(47+46)),240,147,93
178,((59+95)+(47+78)),279,154,125
179,((11+53)+(45+42)),151,64,87
180,((12+59)+(54+25)),150,71,79
181,((66+49)+(40+26)),181,115,66
182,((93+37)+(88+54)),272,130,142
183,((92+43)+(37+25)),197,135,62
184,((16+67)+(19+98)),200,83,117
185,((50+13)+(66+92)),221,63,158
186,((83+82)+(98+88)),351,165,186
187,((13+97)+(47+64)),221,110,111
188,((10+77)+(73+36)),196,87,109
189,((25+94)+(97+80)),296,119,177
190,((50+78)+(58+90)),276,128,148
191,((98+70)+(71+85)),324,168,156
192,((24+51)+(78+15)),168,75,93
193,((66+36)+(98+41)),241,102,139
194,((51+91)+(93+53)),288,142,146
195,((93+18)+(85+97)),293,111,182
196,((62+44)+(13+38)),157,106,51
197,((63+24)+(97+77)),261,87,174
198,((33+12)+(85+73)),203,45,158
199,((94+56)+(79+78)),307,150,157
200,((91+94)+(88+60)),333,185,148
201,((60+13)+(97+71)),241,73,168
202,((10+11)+(64+90)),175,21,154
203,((62+38)+(44+35)),179,100,79
204,((56+77)+(74+91)),298,133,165
205,((64+92)+(60+55)),271,156,115
206,((92+14)+(44+22)),172,106,66
207,((77+39)+(59+34)),209,116,93
208,((24+36)+(68+89)),217,60,157
209,((74+14)+(27+45)),160,88,72
210,((62+52)+(30+72)),216,114,102
211,((84+35)+(51+31)),201,119,82
212,((65+53)+(95+84)),297,118,179
213,((66+89)+(47+73)),275,155,120
214,((40+78)+(59+47)),224,118,106
215,((48+64)+(43+33)),188,112,76
216,((14+90)+(43+96)),243,104,139
217,((94+44)+(47+55)),240,138,102
218,((91+79)+(41+27)),238,170,68
219,((16+22)+(33+17)),88,38,50
220,((36+44)+(89+83)),252,80,172
221,((16+83)+(85+39)),223,99,124
222,((39+99)+(71+57)),266,138,128
223,((70+48)+(36+27)),181,118,63
224,((97+15)+(12+68)),192,112,80
225,((21+35)+(51+34)),141,56,85
226,((69+27)+(45+24)),165,96,69
227,((77+74)+(91+88)),330,151,179
228,((27+42)+(69+39)),177,69,108
229,((22+60)+(10+84)),176,82,94
230,((37+65)+(12+28)),142,102,40
231,((24+50)+(54+38)),166,74,92
232,((78+15)+(92+79)),264,93,171
233,((21+73)+(17+13)),124,94,30
234,((16+85)+(24+56)),181,101,80
235,((30+56)+(36+53)),175,86,89
236,((64+74)+(86+29)),253,138,115
237,((17+86)+(35+22)),160,103,57
238,((14+87)+(22+19)),142,101,41
239,((81+51)+(99+78)),309,132,177
240,((62+85)+(87+75)),309,147,162
241,((87+18)+(26+71)),202,105,97
242,((70+99)+(19+81)),269,169,100
243,((13+40)+(98+65)),216,53,163
244,((54+67)+(69+89)),279,121,158
245,((81+36)+(69+85)),271,117,154
246,((27+39)+(77+20)),163,66,97
247,((30+99)+(17+21)),167,129,38
248,((28+96)+(15+80)),219,124,95
249,((81+77)+(78+64)),300,158,142
250,((84+22)+(72+83)),261,106,155
251,((75+76)+(43+21)),215,151,64
252,((29+40)+(11+97)),177,69,108
253,((76+87)+(73+76)),312,163,149
254,((59+91)+(87+27)),264,150,114
255,((74+36)+(70+47)),227,110,117
256,((69+41)+(85+16)),211,110,101
257,((21+70)+(60+72)),223,91,132
258,((89+47)+(17+23)),176,136,40
259,((31+81)+(28+54)),194,112,82
260,((80+88)+(64+40)),272,168,104
261,((17+37)+(54+19)),127,54,73
262,((16+43)+(39+19)),117,59,58
263,((77+37)+(66+38)),218,114,104
264,((10+98)+(80+45)),233,108,125
265,((13+29)+(40+25)),107,42,65
266,((46+15)+(75+59)),195,61,134
267,((29+59)+(54+97)),239,88,151
268,((92+31)+(14+19)),156,123,33
269,((33+70)+(55+31)),189,103,86
270,((55+86)+(54+56)),251,141,110
271,((92+16)+(69+45)),222,108,114
272,((54+11)+(26+77)),168,65,103
273,((34+64)+(13+73)),184,98,86
274,((54+13)+(54+48)),169,67,102
275,((98+11)+(86+42)),237,109,128
276,((99+64)+(40+10)),213,163,50
277,((14+38)+(76+78)),206,52,154
278,((93+11)+(35+88)),227,104,123
279,((40+33)+(85+61)),219,73,146
280,((59+78)+(93+81)),311,137,174
281,((81+12)+(15+27)),135,93,42
282,((20+28)+(71+65)),184,48,136
283,((85+83)+(92+14)),274,168,106
284,((99+79)+(18+15)),211,178,33
285,((74+53)+(42+57)),226,127,99
286,((47+24)+(21+96)),188,71,117
287,((30+96)+(31+73)),230,126,104
288,((63+96)+(24+30)),213,159,54
289,((70+78)+(62+55)),265,148,117
290,((25+56)+(97+10)),188,81,107
291,((28+78)+(67+96)),269,106,163
292,((80+57)+(26+35)),198,137,61
293,((28+20)+(33+48)),129,48,81
294,((77+56)+(89+72)),294,133,161
295,((22+53)+(77+68)),220,75,145
296,((13+15)+(77+38)),143,28,115
297,((59+40)+(31+92)),222,99,123
298,((99+10)+(22+27)),158,109,49
299,((26+55)+(54+95)),230,81,149
300,((75+74)+(56+65)),270,149,121
301,((68+88)+(23+24)),203,156,47
302,((43+40)+(27+94)),204,83,121
303,((80+38)+(35+51)),204,118,86
304,((49+71)+(61+18)),199,120,79
305,((72+66)+(78+65)),281,138,143
306,((85+32)+(38+56)),211,117,94
307,((89+56)+(29+15)),189,145,44
308,((24+68)+(37+22)),151,92,59
309,((13+32)+(60+15)),120,45,75
310,((78+27)+(57+74)),236,105,131
311,((25+78)+(57+79)),239,103,136
312,((77+44)+(67+21)),209,121,88
313,((83+78)+(71+58)),290,161,129
314,((96+41)+(90+67)),294,137,157
315,((87+68)+(19+67)),241,155,86
316,((83+20)+(41+76)),220,103,117
317,((17+68)+(97+35)),217,85,132
318,((60+83)+(55+22)),220,143,77
319,((80+25)+(14+49)),168,105,63
320,((51+63)+(32+73)),219,114,105
321,((62+67)+(52+25)),206,129,77
322,((54+52)+(18+27)),151,106,45
323,((99+62)+(10+57)),228,161,67
324,((77+77)+(34+13)),201,154,47
325,((43+50)+(73+88)),254,93,161
326,((66+24)+(77+43)),210,90,120
327,((13+15)+(53+80)),161,28,133
328,((92+95)+(78+45)),310,187,123
329,((17+59)+(66+63)),205,76,129
330,((98+40)+(58+36)),232,138,94
331,((94+62)+(95+13)),264,156,108
332,((60+27)+(36+39)),162,87,75
333,((35+91)+(29+41)),196,126,70
334,((36+60)+(65+22)),183,96,87
335,((18+88)+(51+20)),177,106,71
336,((66+33)+(96+63)),258,99,159
337,((82+99)+(31+41)),253,181,72
338,((49+84)+(37+23)),193,133,60
339,((96+72)+(50+33)),251,168,83
340,((55+58)+(55+13)),181,113,68
341,((17+44)+(12+33)),106,61,45
342,((14+84)+(77+32)),207,98,109
343,((54+34)+(86+67)),241,88,153
344,((43+63)+(96+89)),291,106,185
345,((48+22)+(47+78)),195,70,125
346,((61+89)+(28+93)),271,150,121
347,((45+65)+(28+73)),211,110,101
348,((30+46)+(86+99)),261,76,185
349,((84+56)+(66+67)),273,140,133
350,((13+47)+(50+18)),128,60,68
351,((72+67)+(19+76)),234,139,95
352,((11+92)+(27+20)),150,103,47
353,((18+33)+(43+49)),143,51,92
354,((59+56)+(35+56)),206,115,91
355,((17+68)+(81+69)),235,85,150
356,((84+66)+(51+50)),251,150,101
357,((78+79)+(45+22)),224,157,67
358,((96+39)+(73+50)),258,135,123
359,((59+64)+(42+79)),244,123,121
360,((81+67)+(18+57)),223,148,75
361,((97+72)+(25+56)),250,169,81
362,((74+16)+(94+75)),259,90,169
363,((22+15)+(85+45)),167,37,130
364,((99+51)+(42+40)),232,150,82
365,((63+42)+(83+28)),216,105,111
366,((40+95)+(24+45)),204,135,69
367,((77+50)+(68+70)),265,127,138
368,((65+76)+(16+89)),246,141,105
369,((88+52)+(71+13)),224,140,84
370,((82+73)+(46+79)),280,155,125
371,((81+10)+(66+36)),193,91,102
372,((66+24)+(20+48)),158,90,68
373,((42+29)+(54+96)),221,71,150
374,((55+14)+(13+38)),120,69,51
375,((64+53)+(65+39)),221,117,104
376,((24+94)+(73+73)),264,118,146
377,((80+29)+(40+75)),224,109,115
378,((71+46)+(64+38)),219,117,102
379,((23+74)+(51+48)),196,97,99
380,((85+76)+(24+19)),204,161,43
381,((78+43)+(61+71)),253,121,132
382,((33+39)+(81+83)),236,72,164
383,((15+19)+(82+77)),193,34,159
384,((12+44)+(71+83)),210,56,154
385,((40+11)+(44+25)),120,51,69
386,((63+33)+(16+19)),131,96,35
387,((10+94)+(20+21)),145,104,41
388,((98+39)+(82+73)),292,137,155
389,((56+13)+(57+96)),222,69,153
390,((87+92)+(44+46)),269,179,90
391,((49+43)+(90+30)),212,92,120
392,((13+56)+(52+81)),202,69,133
393,((88+71)+(96+89)),344,159,185
394,((43+85)+(15+60)),203,128,75
395,((49+88)+(96+88)),321,137,184
396,((32+37)+(53+79)),201,69,132
397,((71+32)+(78+66)),247,103,144
398,((45+10)+(95+10)),160,55,105
399,((82+92)+(30+48)),252,174,78
400,((75+79)+(63+23)),240,154,86
401,((96+58)+(65+63)),282,154,128
402,((76+44)+(78+40)),238,120,118
403,((87+63)+(83+47)),280,150,130
404,((63+87)+(23+63)),236,150,86
405,((86+34)+(18+91)),229,120,109
406,((14+87)+(43+27)),171,101,70
407,((45+23)+(89+20)),177,68,109
408,((89+81)+(54+37)),261,170,91
409,((86+65)+(84+87)),322,151,171
410,((16+91)+(36+38)),181,107,74
411,((94+15)+(87+57)),253,109,144
412,((75+65)+(47+45)),232,140,92
413,((47+41)+(84+52)),224,88,136
414,((81+83)+(86+63)),313,164,149
415,((92+41)+(46+91)),270,133,137
416,((91+37)+(22+61)),211,128,83
417,((79+41)+(67+87)),274,120,154
418,((61+30)+(72+28)),191,91,100
419,((62+25)+(26+70)),183,87,96
420,((53+40)+(87+61)),241,93,148
421,((20+69)+(34+89)),212,89,123
422,((47+13)+(58+18)),136,60,76
423,((21+42)+(39+47)),149,63,86
424,((51+58)+(15+89)),213,109,104
425,((95+61)+(14+62)),232,156,76
426,((15+75)+(95+67)),252,90,162
427,((41+52)+(90+41)),224,93,131
428,((71+88)+(15+58)),232,159,73
429,((26+54)+(53+91)),224,80,144
430,((44+45)+(35+75)),199,89,110
431,((99+44)+(32+57)),232,143,89
432,((98+49)+(30+61)),238,147,91
433,((62+27)+(86+32)),207,89,118
434,((32+79)+(81+33)),225,111,114
435,((48+24)+(16+98)),186,72,114
436,((98+23)+(96+62)),279,121,158
437,((71+13)+(66+64)),214,84,130
438,((89+58)+(60+89)),296,147,149
439,((63+49)+(76+80)),268,112,156
440,((16+69)+(68+71)),224,85,139
441,((71+56)+(21+60)),208,127,81
442,((71+82)+(68+13)),234,153,81
443,((77+81)+(46+83)),287,158,129
444,((36+98)+(94+22)),250,134,116
445,((77+38)+(34+41)),190,115,75
446,((55+27)+(32+19)),133,82,51
447,((22+21)+(23+98)),164,43,121
448,((93+87)+(37+36)),253,180,73
449,((28+84)+(83+69)),264,112,152
450,((43+98)+(94+32)),267,141,126
451,((39+36)+(44+57)),176,75,101
452,((88+68)+(94+56)),306,156,150
453,((79+15)+(45+66)),205,94,111
454,((49+90)+(53+83)),275,139,136
455,((65+59)+(59+63)),246,124,122
456,((86+87)+(24+51)),248,173,75
457,((12+78)+(80+92)),262,90,172
458,((40+76)+(13+82)),211,116,95
459,((63+55)+(23+89)),230,118,112
460,((17+23)+(62+48)),150,40,110
461,((93+53)+(17+31)),194,146,48
462,((63+99)+(51+17)),230,162,68
463,((13+24)+(27+61)),125,37,88
464,((16+57)+(14+77)),164,73,91
465,((37+35)+(62+62)),196,72,124
466,((68+80)+(93+48)),289,148,141
467,((59+64)+(41+15)),179,123,56
468,((86+88)+(82+57)),313,174,139
469,((33+37)+(86+83)),239,70,169
470,((51+31)+(84+23)),189,82,107
471,((95+35)+(30+69)),229,130,99
472,((36+76)+(49+83)),244,112,132
473,((59+88)+(49+72)),268,147,121
474,((22+10)+(18+88)),138,32,106
475,((11+14)+(40+92)),157,25,132
476,((29+52)+(32+38)),151,81,70
477,((46+80)+(31+36)),193,126,67
478,((90+14)+(31+82)),217,104,113
479,((79+51)+(99+42)),271,130,141
480,((64+51)+(49+43)),207,115,92
481,((95+45)+(22+88)),250,140,110
482,((82+63)+(33+83)),261,145,116
483,((68+14)+(68+21)),171,82,89
484,((42+95)+(81+27)),245,137,108
485,((21+52)+(21+69)),163,73,90
486,((88+65)+(53+20)),226,153,73
487,((64+27)+(12+34)),137,91,46
488,((99+92)+(58+22)),271,191,80
489,((53+50)+(17+58)),178,103,75
490,((44+92)+(56+93)),285,136,149
491,((91+62)+(53+27)),233,153,80
492,((16+14)+(80+23)),133,30,103
493,((67+20)+(60+49)),196,87,109
494,((15+69)+(42+91)),217,84,133
495,((61+26)+(47+46)),180,87,93
496,((11+45)+(61+23)),140,56,84
497,((28+29)+(77+58)),192,57,135
498,((92+57)+(61+80)),290,149,141
499,((79+87)+(60+66)),292,166,126
500,((46+72)+(81+79)),278,118,160
501,((21+56)+(22+92)),191,77,114
502,((64+35)+(90+64)),253,99,154
503,((22+31)+(51+99)),203,53,150
504,((15+91)+(96+91)),293,106,187
505,((35+76)+(84+25)),220,111,109
506,((50+30)+(46+83)),209,80,129
507,((14+42)+(11+32)),99,56,43
508,((75+79)+(97+17)),268,154,114
509,((81+86)+(32+70)),269,167,102
510,((41+50)+(54+49)),194,91,103
511,((61+18)+(81+71)),231,79,152
512,((54+98)+(30+72)),254,152,102
513,((13+59)+(14+11)),97,72,25
514,((41+31)+(52+17)),141,72,69
515,((65+10)+(96+21)),192,75,117
516,((40+51)+(84+64)),239,91,148
517,((99+31)+(40+63)),233,130,103
518,((39+36)+(84+42)),201,75,126
519,((70+13)+(10+72)),165,83,82
520,((74+84)+(75+54)),287,158,129
521,((75+19)+(73+40)),207,94,113
522,((39+12)+(91+40)),182,51,131
523,((79+57)+(60+18)),214,136,78
524,((86+84)+(45+28)),243,170,73
525,((88+83)+(79+83)),333,171,162
526,((47+74)+(76+80)),277,121,156
527,((45+12)+(36+97)),190,57,133
528,((43+17)+(64+32)),156,60,96
529,((78+64)+(44+55)),241,142,99
530,((85+91)+(18+51)),245,176,69
531,((52+48)+(92+25)),217,100,117
532,((37+17)+(75+99)),228,54,174
533,((71+62)+(39+60)),232,133,99
534,((72+52)+(38+45)),207,124,83
535,((62+83)+(89+42)),276,145,131
536,((18+12)+(83+99)),212,30,182
537,((59+70)+(31+45)),205,129,76
538,((42+89)+(65+93)),289,131,158
539,((44+36)+(76+15)),171,80,91
540,((55+70)+(68+46)),239,125,114
541,((55+50)+(59+86)),250,105,145
542,((83+98)+(96+66)),343,181,162
543,((87+96)+(33+57)),273,183,90
544,((60+87)+(11+97)),255,147,108
545,((24+88)+(62+35)),209,112,97
546,((13+57)+(96+56)),222,70,152
547,((45+19)+(72+86)),222,64,158
548,((96+52)+(27+35)),210,148,62
549,((55+95)+(24+87)),261,150,111
550,((71+13)+(16+44)),144,84,60
551,((41+68)+(84+19)),212,109,103
552,((91+77)+(96+43)),307,168,139
553,((81+65)+(20+20)),186,146,40
554,((77+60)+(72+38)),247,137,110
555,((69+47)+(47+90)),253,116,137
556,((84+90)+(31+79)),284,174,110
557,((86+92)+(44+77)),299,178,121
558,((26+70)+(24+97)),217,96,121
559,((72+87)+(16+29)),204,159,45
560,((32+99)+(91+28)),250,131,119
561,((40+90)+(53+31)),214,130,84
562,((95+42)+(19+98)),254,137,117
563,((20+78)+(94+94)),286,98,188
564,((73+28)+(88+72)),261,101,160
565,((81+14)+(44+90)),229,95,134
566,((10+46)+(55+68)),179,56,123
567,((59+35)+(69+33)),196,94,102
568,((46+83)+(85+64)),278,129,149
569,((46+46)+(16+86)),194,92,102
570,((97+80)+(15+90)),282,177,105
571,((23+25)+(66+94)),208,48,160
572,((90+76)+(78+74)),318,166,152
573,((80+80)+(35+81)),276,160,116
574,((65+42)+(87+21)),215,107,108
575,((34+57)+(42+25)),158,91,67
576,((97+25)+(75+94)),291,122,169
577,((71+96)+(73+83)),323,167,156
578,((58+75)+(90+63)),286,133,153
579,((29+62)+(85+34)),210,91,119
580,((60+14)+(99+59)),232,74,158
581,((72+30)+(92+51)),245,102,143
582,((16+75)+(61+81)),233,91,142
583,((98+28)+(85+99)),310,126,184
584,((16+39)+(16+16)),87,55,32
585,((11+25)+(65+22)),123,36,87
586,((60+76)+(28+41)),205,136,69
587,((47+67)+(13+15)),142,114,28
588,((61+84)+(67+90)),302,145,157
589,((46+12)+(73+33)),164,58,106
590,((73+16)+(51+30)),170,89,81
591,((10+89)+(47+89)),235,99,136
592,((23+58)+(66+83)),230,81,149
593,((79+74)+(13+53)),219,153,66
594,((84+33)+(33+21)),171,117,54
595,((12+11)+(77+55)),155,23,132
596,((84+31)+(67+98)),280,115,165
597,((75+77)+(66+78)),296,152,144
598,((41+52)+(38+16)),147,93,54
599,((24+47)+(45+13)),129,71,58
600,((68+78)+(93+99)),338,146,192
601,((22+30)+(13+57)),122,52,70
602,((26+23)+(73+92)),214,49,165
603,((45+12)+(70+74)),201,57,144
604,((41+49)+(99+38)),227,90,137
605,((63+93)+(53+68)),277,156,121
606,((31+82)+(89+34)),236,113,123
607,((64+52)+(69+48)),233,116,117
608,((75+16)+(39+33)),163,91,72
609,((20+72)+(68+50)),210,92,118
610,((52+80)+(16+40)),188,132,56
611,((75+23)+(34+30)),162,98,64
612,((74+31)+(22+81)),208,105,103
613,((76+99)+(21+96)),292,175,117
614,((87+50)+(18+50)),205,137,68
615,((87+80)+(22+38)),227,167,60
616,((51+71)+(26+23)),171,122,49
617,((78+92)+(40+19)),229,170,59
618,((94+16)+(65+28)),203,110,93
619,((88+89)+(76+84)),337,177,160
620,((20+78)+(13+96)),207,98,109
621,((96+38)+(83+96)),313,134,179
622,((73+70)+(10+92)),245,143,102
623,((84+30)+(24+24)),162,114,48
624,((61+53)+(43+62)),219,114,105
625,((65+12)+(46+31)),154,77,77
626,((40+35)+(27+32)),134,75,59
627,((55+59)+(82+64)),260,114,146
628,((52+40)+(68+55)),215,92,123
629,((77+11)+(24+84)),196,88,108
630,((61+41)+(21+97)),220,102,118
631,((95+93)+(44+46)),278,188,90
632,((29+58)+(43+31)),161,87,74
633,((33+10)+(34+85)),162,43,119
634,((31+86)+(82+99)),298,117,181
635,((53+29)+(62+69)),213,82,131
636,((31+40)+(12+96)),179,71,108
637,((67+80)+(74+47)),268,147,121
638,((77+96)+(89+85)),347,173,174
639,((54+15)+(83+21)),173,69,104
640,((23+44)+(79+38)),184,67,117
641,((36+45)+(68+10)),159,81,78
642,((92+45)+(24+27)),188,137,51
643,((70+10)+(66+36)),182,80,102
644,((23+96)+(93+36)),248,119,129
645,((59+88)+(42+97)),286,147,139
646,((73+87)+(33+86)),279,160,119
647,((35+95)+(64+15)),209,130,79
648,((98+26)+(42+63)),229,124,105
649,((13+43)+(70+45)),171,56,115
650,((74+17)+(60+36)),187,91,96
651,((25+43)+(39+12)),119,68,51
652,((18+61)+(25+43)),147,79,68
653,((20+72)+(68+32)),192,92,100
654,((98+89)+(11+23)),221,187,34
655,((47+73)+(36+85)),241,120,121
656,((60+73)+(52+40)),225,133,92
657,((48+67)+(30+27)),172,115,57
658,((93+30)+(99+16)),238,123,115
659,((71+22)+(11+82)),186,93,93
660,((24+92)+(72+53)),241,116,125
661,((99+49)+(80+47)),275,148,127
662,((63+82)+(75+38)),258,145,113
663,((20+16)+(81+95)),212,36,176
664,((95+55)+(84+64)),298,150,148
665,((48+16)+(96+96)),256,64,192
666,((98+55)+(30+48)),231,153,78
667,((10+24)+(67+79)),180,34,146
668,((72+26)+(64+32)),194,98,96
669,((61+35)+(91+70)),257,96,161
670,((35+39)+(64+75)),213,74,139
671,((52+39)+(13+99)),203,91,112
672,((62+67)+(59+55)),243,129,114
673,((91+84)+(82+66)),323,175,148
674,((65+75)+(82+86)),308,140,168
675,((31+97)+(66+36)),230,128,102
676,((73+20)+(60+45)),198,93,105
677,((81+67)+(90+47)),285,148,137
678,((44+82)+(68+88)),282,126,156
679,((94+37)+(32+52)),215,131,84
680,((35+69)+(72+79)),255,104,151
681,((55+23)+(47+49)),174,78,96
682,((71+43)+(24+28)),166,114,52
683,((50+46)+(55+68)),219,96,123
684,((34+93)+(95+52)),274,127,147
685,((57+78)+(26+68)),229,135,94
686,((61+14)+(56+90)),221,75,146
687,((39+80)+(62+45)),226,119,107
688,((65+78)+(53+49)),245,143,102
689,((99+53)+(85+29)),266,152,114
690,((79+77)+(13+27)),196,156,40
691,((12+39)+(21+40)),112,51,61
692,((49+32)+(49+70)),200,81,119
693,((31+89)+(30+90)),240,120,120
694,((94+19)+(10+65)),188,113,75
695,((37+66)+(52+37)),192,103,89
696,((69+29)+(40+40)),178,98,80
697,((13+68)+(42+51)),174,81,93
698,((42+17)+(29+38)),126,59,67
699,((13+46)+(21+81)),161,59,102
700,((43+68)+(95+75)),281,111,170
701,((53+67)+(76+88)),284,120,164
702,((57+19)+(18+29)),123,76,47
703,((25+31)+(69+54)),179,56,123
704,((52+65)+(64+16)),197,117,80
705,((70+25)+(23+62)),180,95,85
706,((27+94)+(91+94)),306,121,185
707,((26+17)+(37+72)),152,43,109
708,((61+56)+(13+68)),198,117,81
709,((54+98)+(74+60)),286,152,134
710,((47+69)+(15+16)),147,116,31
711,((10+97)+(17+73)),197,107,90
712,((81+86)+(56+16)),239,167,72
713,((94+81)+(27+61)),263,175,88
714,((29+11)+(90+72)),202,40,162
715,((74+33)+(84+10)),201,107,94
716,((64+29)+(93+90)),276,93,183
717,((97+54)+(43+74)),268,151,117
718,((97+37)+(35+27)),196,134,62
719,((52+72)+(42+43)),209,124,85
720,((49+70)+(59+87)),265,119,146
721,((22+45)+(92+87)),246,67,179
722,((83+64)+(39+39)),225,147,78
723,((81+73)+(36+30)),220,154,66
724,((30+29)+(86+52)),197,59,138
725,((80+31)+(33+61)),205,111,94
726,((96+59)+(26+14)),195,155,40
727,((13+36)+(83+38)),170,49,121
728,((25+23)+(63+32)),143,48,95
729,((26+41)+(64+49)),180,67,113
730,((91+90)+(71+47)),299,181,118
731,((83+15)+(28+63)),189,98,91
732,((17+78)+(14+47)),156,95,61
733,((62+28)+(25+33)),148,90,58
734,((52+26)+(70+78)),226,78,148
735,((58+24)+(66+20)),168,82,86
736,((82+51)+(88+24)),245,133,112
737,((92+26)+(79+67)),264,118,146
738,((62+72)+(75+81)),290,134,156
739,((18+85)+(91+47)),241,103,138
740,((83+92)+(34+48)),257,175,82
741,((71+47)+(31+22)),171,118,53
742,((42+37)+(57+85)),221,79,142
743,((96+79)+(27+46)),248,175,73
744,((60+31)+(23+32)),146,91,55
745,((91+10)+(65+62)),228,101,127
746,((28+32)+(33+87)),180,60,120
747,((41+68)+(72+89)),270,109,161
748,((56+93)+(62+91)),302,149,153
749,((54+43)+(59+94)),250,97,153
750,((15+69)+(62+97)),243,84,159
751,((95+77)+(31+97)),300,172,128
752,((37+25)+(78+24)),164,62,102
753,((85+56)+(39+37)),217,141,76
754,((15+98)+(16+96)),225,113,112
755,((26+70)+(33+99)),228,96,132
756,((58+26)+(60+85)),229,84,145
757,((87+50)+(41+80)),258,137,121
758,((77+48)+(62+59)),246,125,121
759,((84+84)+(14+43)),225,168,57
760,((80+17)+(97+28)),222,97,125
761,((95+79)+(79+32)),285,174,111
762,((11+87)+(20+41)),159,98,61
763,((55+50)+(94+85)),284,105,179
764,((13+15)+(87+17)),132,28,104
765,((18+82)+(52+55)),207,100,107
766,((77+39)+(90+37)),243,116,127
767,((54+75)+(50+72)),251,129,122
768,((99+51)+(76+28)),254,150,104
769,((12+87)+(12+65)),176,99,77
770,((50+89)+(63+45)),247,139,108
771,((90+59)+(29+31)),209,149,60
772,((15+63)+(30+72)),180,78,102
773,((98+33)+(95+53)),279,131,148
774,((61+28)+(73+82)),244,89,155
775,((41+74)+(93+50)),258,115,143
776,((22+54)+(20+85)),181,76,105
777,((41+53)+(52+75)),221,94,127
778,((22+52)+(15+52)),141,74,67
779,((48+13)+(27+54)),142,61,81
780,((16+12)+(14+30)),72,28,44
781,((10+80)+(46+51)),187,90,97
782,((56+21)+(25+69)),171,77,94
783,((85+61)+(65+73)),284,146,138
784,((91+89)+(88+49)),317,180,137
785,((39+56)+(40+15)),150,95,55
786,((31+81)+(47+46)),205,112,93
787,((17+83)+(66+86)),252,100,152
788,((91+54)+(23+16)),184,145,39
789,((74+34)+(26+86)),220,108,112
790,((89+74)+(13+67)),243,163,80
791,((99+19)+(47+49)),214,118,96
792,((41+86)+(62+14)),203,127,76
793,((17+98)+(70+95)),280,115,165
794,((87+21)+(35+31)),174,108,66
795,((89+78)+(59+46)),272,167,105
796,((73+18)+(76+23)),190,91,99
797,((97+27)+(99+52)),275,124,151
798,((16+64)+(51+59)),190,80,110
799,((35+95)+(93+43)),266,130,136
800,((59+17)+(97+14)),187,76,111
801,((44+46)+(15+90)),195,90,105
802,((43+75)+(86+95)),299,118,181
803,((66+82)+(96+49)),293,148,145
804,((99+55)+(46+48)),248,154,94
805,((12+19)+(13+41)),85,31,54
806,((89+15)+(84+64)),252,104,148
807,((85+91)+(44+42)),262,176,86
808,((48+63)+(47+96)),254,111,143
809,((83+91)+(81+26)),281,174,107
810,((90+55)+(42+64)),251,145,106
811,((33+49)+(37+78)),197,82,115
812,((60+36)+(37+72)),205,96,109
813,((64+17)+(95+76)),252,81,171
814,((62+18)+(73+14)),167,80,87
815,((81+88)+(56+13)),238,169,69
816,((83+45)+(59+50)),237,128,109
817,((79+97)+(43+71)),290,176,114
818,((83+59)+(51+76)),269,142,127
819,((25+16)+(72+53)),166,41,125
820,((21+77)+(64+54)),216,98,118
821,((80+71)+(54+37)),242,151,91
822,((14+56)+(99+32)),201,70,131
823,((95+91)+(70+74)),330,186,144
824,((51+17)+(93+24)),185,68,117
825,((76+12)+(34+95)),217,88,129
826,((59+86)+(39+65)),249,145,104
827,((62+51)+(39+73)),225,113,112
828,((98+58)+(81+37)),274,156,118
829,((26+56)+(47+89)),218,82,136
830,((75+84)+(26+40)),225,159,66
831,((24+96)+(30+76)),226,120,106
832,((35+25)+(96+41)),197,60,137
833,((16+70)+(16+94)),196,86,110
834,((37+24)+(63+67)),191,61,130
835,((97+13)+(42+85)),237,110,127
836,((78+10)+(71+71)),230,88,142
837,((31+68)+(35+80)),214,99,115
838,((72+29)+(99+55)),255,101,154
839,((87+94)+(89+11)),281,181,100
840,((89+89)+(16+15)),209,178,31
841,((83+72)+(37+16)),208,155,53
842,((68+21)+(36+98)),223,89,134
843,((48+27)+(40+54)),169,75,94
844,((18+68)+(64+14)),164,86,78
845,((44+95)+(67+74)),280,139,141
846,((45+67)+(67+79)),258,112,146
847,((35+16)+(93+53)),197,51,146
848,((79+73)+(90+92)),334,152,182
849,((54+37)+(44+73)),208,91,117
850,((30+44)+(77+74)),225,74,151
851,((81+95)+(14+90)),280,176,104
852,((76+93)+(89+22)),280,169,111
853,((82+46)+(59+40)),227,128,99
854,((49+31)+(20+81)),181,80,101
855,((17+38)+(26+79)),160,55,105
856,((33+28)+(45+37)),143,61,82
857,((30+41)+(44+47)),162,71,91
858,((80+51)+(86+65)),282,131,151
859,((15+41)+(24+77)),157,56,101
860,((62+46)+(81+92)),281,108,173
861,((90+53)+(77+82)),302,143,159
862,((47+93)+(88+24)),252,140,112
863,((38+22)+(78+32)),170,60,110
864,((35+64)+(56+22)),177,99,78
865,((43+83)+(10+74)),210,126,84
866,((54+22)+(69+91)),236,76,160
867,((16+81)+(81+71)),249,97,152
868,((66+47)+(77+63)),253,113,140
869,((80+52)+(49+97)),278,132,146
870,((85+25)+(20+68)),198,110,88
871,((31+43)+(86+86)),246,74,172
872,((95+50)+(61+79)),285,145,140
873,((17+40)+(50+39)),146,57,89
874,((32+43)+(87+46)),208,75,133
875,((75+57)+(49+16)),197,132,65
876,((73+43)+(24+98)),238,116,122
877,((23+84)+(64+38)),209,107,102
878,((81+96)+(41+50)),268,177,91
879,((98+62)+(75+33)),268,160,108
880,((33+78)+(21+29)),161,111,50
881,((19+87)+(95+51)),252,106,146
882,((74+43)+(54+59)),230,117,113
883,((58+53)+(25+21)),157,111,46
884,((49+49)+(17+75)),190,98,92
885,((49+60)+(93+16)),218,109,109
886,((65+10)+(99+47)),221,75,146
887,((67+31)+(13+60)),171,98,73
888,((85+28)+(10+83)),206,113,93
889,((63+47)+(62+92)),264,110,154
890,((63+76)+(63+40)),242,139,103
891,((95+45)+(51+46)),237,140,97
892,((10+33)+(80+59)),182,43,139
893,((93+85)+(78+10)),266,178,88
894,((94+43)+(83+49)),269,137,132
895,((19+83)+(14+27)),143,102,41
896,((41+74)+(59+58)),232,115,117
897,((81+20)+(83+15)),199,101,98
898,((26+28)+(74+65)),193,54,139
899,((34+21)+(30+64)),149,55,94
900,((42+60)+(18+71)),191,102,89
901,((92+21)+(79+78)),270,113,157
902,((78+23)+(10+85)),196,101,95
903,((67+90)+(73+90)),320,157,163
904,((46+16)+(19+31)),112,62,50
905,((21+13)+(41+90)),165,34,131
906,((37+61)+(43+61)),202,98,104
907,((95+10)+(89+37)),231,105,126
908,((13+16)+(79+88)),196,29,167
909,((86+85)+(21+89)),281,171,110
910,((85+72)+(37+76)),270,157,113
911,((47+10)+(10+60)),127,57,70
912,((25+52)+(70+55)),202,77,125
913,((69+79)+(54+58)),260,148,112
914,((13+44)+(54+38)),149,57,92
915,((24+27)+(17+20)),88,51,37
916,((51+73)+(82+14)),220,124,96
917,((37+89)+(59+65)),250,126,124
918,((23+36)+(87+56)),202,59,143
919,((41+62)+(76+25)),204,103,101
920,((33+97)+(22+81)),233,130,103
921,((42+71)+(79+33)),225,113,112
922,((38+99)+(50+76)),263,137,126
923,((75+95)+(50+51)),271,170,101
924,((10+44)+(18+25)),97,54,43
925,((66+29)+(92+13)),200,95,105
926,((96+18)+(91+36)),241,114,127
927,((41+74)+(74+12)),201,115,86
928,((52+36)+(19+82)),189,88,101
929,((67+65)+(81+79)),292,132,160
930,((14+46)+(70+96)),226,60,166
931,((87+75)+(77+63)),302,162,140
932,((18+46)+(42+92)),198,64,134
933,((74+24)+(53+31)),182,98,84
934,((37+30)+(77+19)),163,67,96
935,((36+18)+(34+48)),136,54,82
936,((10+68)+(28+76)),182,78,104
937,((63+29)+(28+34)),154,92,62
938,((77+14)+(63+78)),232,91,141
939,((50+57)+(10+50)),167,107,60
940,((11+56)+(15+73)),155,67,88
941,((94+45)+(39+67)),245,139,106
942,((67+68)+(15+60)),210,135,75
943,((19+19)+(61+79)),178,38,140
944,((42+29)+(32+94)),197,71,126
945,((21+63)+(57+42)),183,84,99
946,((70+81)+(42+12)),205,151,54
947,((47+33)+(15+81)),176,80,96
948,((91+80)+(81+35)),287,171,116
949,((28+38)+(19+62)),147,66,81
950,((13+69)+(41+61)),184,82,102
951,((94+42)+(72+36)),244,136,108
952,((81+77)+(37+38)),233,158,75
953,((48+27)+(12+79)),166,75,91
954,((45+82)+(54+29)),210,127,83
955,((90+23)+(83+77)),273,113,160
956,((26+69)+(41+50)),186,95,91
957,((77+44)+(15+71)),207,121,86
958,((92+23)+(74+34)),223,115,108
959,((93+69)+(61+61)),284,162,122
960,((60+96)+(42+53)),251,156,95
961,((90+61)+(26+15)),192,151,41
962,((74+38)+(29+28)),169,112,57
963,((46+39)+(96+54)),235,85,150
964,((98+90)+(77+65)),330,188,142
965,((65+30)+(21+91)),207,95,112
966,((56+35)+(70+34)),195,91,104
967,((59+63)+(33+45)),200,122,78
968,((35+41)+(74+45)),195,76,119
969,((74+17)+(94+55)),240,91,149
970,((64+45)+(65+67)),241,109,132
971,((28+30)+(28+14)),100,58,42
972,((31+13)+(37+49)),130,44,86
973,((12+86)+(63+37)),198,98,100
974,((97+45)+(34+80)),256,142,114
975,((86+82)+(16+14)),198,168,30
976,((26+42)+(36+21)),125,68,57
977,((82+86)+(25+87)),280,168,112
978,((41+97)+(75+61)),274,138,136
979,((73+10)+(76+93)),252,83,169
980,((62+74)+(82+41)),259,136,123
981,((50+29)+(53+43)),175,79,96
982,((16+75)+(25+38)),154,91,63
983,((69+90)+(14+84)),257,159,98
984,((24+35)+(76+18)),153,59,94
985,((75+29)+(30+86)),220,104,116
986,((80+18)+(51+86)),235,98,137
987,((63+43)+(26+60)),192,106,86
988,((27+98)+(78+39)),242,125,117
989,((20+18)+(82+77)),197,38,159
990,((81+23)+(68+28)),200,104,96
991,((49+72)+(91+64)),276,121,155
992,((81+63)+(34+32)),210,144,66
993,((89+22)+(54+91)),256,111,145
994,((89+66)+(79+91)),325,155,170
995,((43+46)+(40+38)),167,89,78
996,((72+36)+(23+39)),170,108,62
997,((38+93)+(61+96)),288,131,157
998,((22+13)+(18+47)),100,35,65
999,((54+99)+(99+65)),317,153,164
